               Age         Gender     TookAction TookAction_hat

  1             38         Female              0      0.0116887
  2             32         Female              0   5.76692e-005
  3             46           Male              1       0.999174
  4             34           Male              0      0.0279524
  5             40           Male              0        0.85501
  6             37         Female              0     0.00484668
  7             43           Male              1       0.988297
  8             38           Male              1            0.5
  9             27           Male              0   5.77412e-005
 10             42         Female              0       0.291425
 11             49         Female              1       0.995141
 12             48           Male              1        0.99986
 13             45           Male              1       0.997996
 14             27           Male              0   5.77412e-005
 15             50           Male              1       0.999976
 16             40         Female              0      0.0651968
 17             41         Female              0       0.144835
 18             40         Female              0      0.0651968
 19             39         Female              0      0.0279185
 20             33           Male              0      0.0117031
 21             31         Female              0   2.37488e-005
 22             36         Female              0     0.00200155
 23             29           Male              0    0.000340406
 24             47         Female              1       0.972014
 25             27         Female              0    6.8294e-007
 26             28         Female              0   1.65844e-006
 27             50         Female              1       0.997993
 28             48         Female              1       0.988282
 29             47           Male              1        0.99966
 30             44           Male              1       0.995147
 31             33         Female              0    0.000140031
 32             30         Female              0    9.7798e-006
 33             38         Female              0      0.0116887
 34             30           Male              0    0.000826234
 35             36         Female              0     0.00200155
 36             39         Female              0      0.0279185
 37             41         Female              0       0.144835
 38             35         Female              0    0.000825205
 39             42           Male              1       0.972048
 40             50         Female              1       0.997993
 41             27         Female              0    6.8294e-007
 42             39           Male              1       0.708317
 43             28           Male              0    0.000140206
 44             46         Female              1       0.934651
 45             30         Female              0    9.7798e-006
 46             33           Male              0      0.0117031
 47             45         Female              1       0.854856
 48             38           Male              0            0.5
 49             29         Female              0   4.02731e-006
 50             26         Female              0   2.81232e-007
 51             34         Female              0    0.000339982
 52             26           Male              0   2.37784e-005
 53             31           Male              0     0.00200405
 54             50           Male              1       0.999976
 55             32           Male              0     0.00485271
 56             36           Male              0        0.14499
 57             47         Female              1       0.972014
 58             35           Male              0      0.0652729
 59             31         Female              0   2.37488e-005
 60             37           Male              1       0.291683
 61             35         Female              0    0.000825205
 62             44           Male              1       0.995147
 63             48           Male              1        0.99986
 64             29         Female              0   4.02731e-006
 65             39           Male              0       0.708317
 66             45           Male              1       0.997996
 67             37         Female              0     0.00484668
 68             28           Male              0    0.000140206
 69             35           Male              0      0.0652729
 70             47           Male              1        0.99966
 71             41           Male              1       0.934727
 72             28         Female              0   1.65844e-006
 73             42         Female              0       0.291425
 74             29           Male              0    0.000340406
 75             26         Female              0   2.81232e-007
 76             30           Male              0    0.000826234
 77             32           Male              0     0.00485271
 78             44         Female              1       0.708059
 79             43           Male              1       0.988297
 80             42           Male              1       0.972048
 81             46           Male              1       0.999174
 82             44         Female              1       0.708059
 83             43         Female              0       0.499688
 84             49           Male              1       0.999942
 85             37           Male              0       0.291683
 86             49         Female              1       0.995141
 87             45         Female              1       0.854856
 88             41           Male              1       0.934727
 89             40           Male              1        0.85501
 90             33         Female              0    0.000140031
 91             43         Female              1       0.499688
 92             26           Male              0   2.37784e-005
 93             46         Female              1       0.934651
 94             48         Female              1       0.988282
 95             34           Male              1      0.0279524
 96             31           Male              0     0.00200405
 97             49           Male              1       0.999942
 98             36           Male              0        0.14499
 99             32         Female              0   5.76692e-005
100             34         Female              0    0.000339982
