
      TookAction    prediction

  1     0.000000    0.0116887
  2     0.000000 5.76692e-005
  3      1.00000     0.999174
  4     0.000000    0.0279524
  5     0.000000     0.855010
  6     0.000000   0.00484668
  7      1.00000     0.988297
  8      1.00000     0.500000
  9     0.000000 5.77412e-005
 10     0.000000     0.291425
 11      1.00000     0.995141
 12      1.00000     0.999860
 13      1.00000     0.997996
 14     0.000000 5.77412e-005
 15      1.00000     0.999976
 16     0.000000    0.0651968
 17     0.000000     0.144835
 18     0.000000    0.0651968
 19     0.000000    0.0279185
 20     0.000000    0.0117031
 21     0.000000 2.37488e-005
 22     0.000000   0.00200155
 23     0.000000  0.000340406
 24      1.00000     0.972014
 25     0.000000 6.82940e-007
 26     0.000000 1.65844e-006
 27      1.00000     0.997993
 28      1.00000     0.988282
 29      1.00000     0.999660
 30      1.00000     0.995147
 31     0.000000  0.000140031
 32     0.000000 9.77980e-006
 33     0.000000    0.0116887
 34     0.000000  0.000826234
 35     0.000000   0.00200155
 36     0.000000    0.0279185
 37     0.000000     0.144835
 38     0.000000  0.000825205
 39      1.00000     0.972048
 40      1.00000     0.997993
 41     0.000000 6.82940e-007
 42      1.00000     0.708317
 43     0.000000  0.000140206
 44      1.00000     0.934651
 45     0.000000 9.77980e-006
 46     0.000000    0.0117031
 47      1.00000     0.854856
 48     0.000000     0.500000
 49     0.000000 4.02731e-006
 50     0.000000 2.81232e-007
 51     0.000000  0.000339982
 52     0.000000 2.37784e-005
 53     0.000000   0.00200405
 54      1.00000     0.999976
 55     0.000000   0.00485271
 56     0.000000     0.144990
 57      1.00000     0.972014
 58     0.000000    0.0652729
 59     0.000000 2.37488e-005
 60      1.00000     0.291683
 61     0.000000  0.000825205
 62      1.00000     0.995147
 63      1.00000     0.999860
 64     0.000000 4.02731e-006
 65     0.000000     0.708317
 66      1.00000     0.997996
 67     0.000000   0.00484668
 68     0.000000  0.000140206
 69     0.000000    0.0652729
 70      1.00000     0.999660
 71      1.00000     0.934727
 72     0.000000 1.65844e-006
 73     0.000000     0.291425
 74     0.000000  0.000340406
 75     0.000000 2.81232e-007
 76     0.000000  0.000826234
 77     0.000000   0.00485271
 78      1.00000     0.708059
 79      1.00000     0.988297
 80      1.00000     0.972048
 81      1.00000     0.999174
 82      1.00000     0.708059
 83     0.000000     0.499688
 84      1.00000     0.999942
 85     0.000000     0.291683
 86      1.00000     0.995141
 87      1.00000     0.854856
 88      1.00000     0.934727
 89      1.00000     0.855010
 90     0.000000  0.000140031
 91      1.00000     0.499688
 92     0.000000 2.37784e-005
 93      1.00000     0.934651
 94      1.00000     0.988282
 95      1.00000    0.0279524
 96     0.000000   0.00200405
 97      1.00000     0.999942
 98     0.000000     0.144990
 99     0.000000 5.76692e-005
100     0.000000  0.000339982

  Forecast evaluation statistics

  Mean Error                   -3.3542e-013
  Root Mean Squared Error       0.20923
  Mean Absolute Error           0.088834
  Bias proportion, UM           2.5713e-024
  Regression proportion, UR     4.7776e-005
  Disturbance proportion, UD    0.99995
